11 / 1, 3, 6, 9, 10, 13, 17, 19, 20, 22, 23, 24, 25, 26, 27 / 8 / / 2, 16, 21 / /
26 / 2, 3, 10, 22, 14, 24, 25, 27 / 17, 19 / 5, 11, 20 / 1, 6, 7, 21 / /
 / 7, 14, 21, 24, 25, 27 / 3, 16, 26 / 17, 19, 23 / 4, 10, 12, 22 / 5, 11, 18 /
26 / 4, 14, 17, 21, 25 / 2, 16 / 1, 8, 10, 15 / 7, 13, 27 / 3, 12, 18 /
3 / 3, 5, 8, 10, 13, 17, 22, 24, 27 / 7, 19 / 1, 18, 27 / 4, 14, 20, 26 / 2, 15, 16 /
4 / 2, 5, 7, 9, 11, 17, 24, 26 / 1, 6 / 19, 21, 23 / 3, 14, 25, 27 / 15, 16, 20, 22 /
 / 4, 7, 21, 24, 27, 14, 26, 22, 25 / 5, 13 / 15, 20 / 5, 13 / 11, 17 / 10, 16
27 / 3, 5, 7, 10, 19, 24, 26 / 2, 18 / 12, 14, 21 / 25 / 1, 9, 15 / 8, 16, 22
23 / 2, 3, 4, 7, 13, 17, 21, 24, 25, 27 / 10, 26 / 5, 6, 12 / 1, 11 / 9, 14, 22 / 18, 20
27 / 4, 6, 7, 9, 10, 11, 13, 14, 18, 20, 21, 25 / 5, 16 / 1, 2, 15, 26 / 3 / 12, 17, 19 / 22, 24
12 / 10, 21, 23, 24, 25, 26, 27 / 19 / 3, 5, 8, 9, 11, 13, 15, 16 / 1, 2 / 4, 6, 17, 18 / 20, 22
1 / 3, 6, 7, 9, 10, 14, 17, 18, 21, 23, 26 / 2, 13 / 22, 24 / 25, 27 / 11, 19 / 5, 15
17 / 7, 4, 2, 3, 6, 9, 10, 20, 24, 21, 25 / 12, 19, 23 / 5, 11, 18, 26 / 1, 27 / 8, 15, 22 / 13, 14
25 / 1, 2, 3, 5, 6, 7, 9, 11, 17, 24, 27 / 15, 21 / 8, 13, 14, 20 / 4, 10 / 12, 16, 23 / 18, 26
25 / 2, 3, 6, 7, 10, 14, 17, 21, 24, 26, 27 / 11, 22 / 4, 5, 12, 23 / 1 / 8, 9, 19 / 13, 18, 20
22 / 3, 5, 10, 17, 21, 23, 24, 27 / 8 / 1, 6, 16 / 2 / 7, 15, 20, 26 / 13, 19, 25
16 / 1, 3, 4, 13, 14, 24, 27 / 7, 9 / 21, 23 / 2, 6, 26, 27 / 5, 11, 20, 22 /
23 / 3, 10, 17 / 12, 19, 26 / 5, 11, 16, 18 / 7, 14, 21 / 4, 25 /
26 / 3, 10, 21, 24, 25, 26, 27 / 8, 16 / 5, 18, 19, 20 / 1, 2, 7, 15 / 12, 17 /
25 / 3, 4, 6, 7, 8, 10, 11, 13, 14, 18, 19, 21, 22, 27 / 15, 26 / 1, 5, 23 / 2, 8, 17 / 9, 24 /
2 / 4, 15, 17, 20, 21, 23, 24, 25, 26, 27 / 10, 12 / 6, 16, 18 / 1, 7, 19, 22 / 5, 13 /
27 / 3, 4, 7, 8, 10, 11, 13, 14, 16, 17, 18, 20, 21, 22, 24, 25, 26 / 17, 19 / 1, 2, 5, 6, 9, 12, 15, 23 / 0 / /
25 / 7, 14, 21, 3, 6, 10, 13, 17, 20, 24, 27, 26, 23, 19, 16 / 2, 1, 3 / / 11 / /